# z k1 k2 kc p_final e_total
# z: Redshift
# k1: Lower edge of k bin
# k2: Upper edge of k bin
# kc: Central k value
# p_final: Final power spectrum estimate
# e_total: Total error
2.0 5.00000e-04 1.00000e-03 7.50000e-04 1.98519e+01 1.59150e+00
2.0 1.00000e-03 1.50000e-03 1.25000e-03 1.61690e+01 6.98064e-01
2.0 1.50000e-03 2.00000e-03 1.75000e-03 1.57682e+01 6.54220e-01
2.0 2.00000e-03 2.50000e-03 2.25000e-03 1.77561e+01 5.81981e-01
2.0 2.50000e-03 3.00000e-03 2.75000e-03 1.76494e+01 5.47694e-01
2.0 3.00000e-03 3.50000e-03 3.25000e-03 1.58607e+01 5.92042e-01
2.0 3.50000e-03 4.00000e-03 3.75000e-03 1.29601e+01 5.82924e-01
2.0 4.00000e-03 4.50000e-03 4.25000e-03 1.13560e+01 5.82654e-01
2.0 4.50000e-03 5.00000e-03 4.75000e-03 1.35625e+01 5.36181e-01
2.0 5.00000e-03 5.50000e-03 5.25000e-03 1.24262e+01 6.23508e-01
2.0 5.50000e-03 6.00000e-03 5.75000e-03 1.34591e+01 5.80448e-01
2.0 6.00000e-03 6.50000e-03 6.25000e-03 1.13031e+01 7.79091e-01
2.0 6.50000e-03 7.00000e-03 6.75000e-03 1.02446e+01 6.05933e-01
2.0 7.00000e-03 7.50000e-03 7.25000e-03 8.69760e+00 5.96222e-01
2.0 7.50000e-03 8.00000e-03 7.75000e-03 1.20860e+01 5.33110e-01
2.0 8.00000e-03 8.50000e-03 8.25000e-03 1.11818e+01 5.53607e-01
2.0 8.50000e-03 9.00000e-03 8.75000e-03 9.67661e+00 5.17808e-01
2.0 9.00000e-03 9.50000e-03 9.25000e-03 8.81314e+00 5.10139e-01
2.0 9.50000e-03 1.00000e-02 9.75000e-03 7.57770e+00 4.85350e-01
2.0 1.00000e-02 1.12202e-02 1.06101e-02 7.98565e+00 3.45730e-01
2.0 1.12202e-02 1.25892e-02 1.19047e-02 7.38082e+00 3.11559e-01
2.0 1.25892e-02 1.41254e-02 1.33573e-02 7.01048e+00 3.14464e-01
2.0 1.41254e-02 1.58489e-02 1.49871e-02 6.13650e+00 2.84011e-01
2.0 1.58489e-02 1.77828e-02 1.68159e-02 5.37998e+00 2.97772e-01
2.0 1.77828e-02 1.99526e-02 1.88677e-02 4.49719e+00 3.02429e-01
2.0 1.99526e-02 2.23872e-02 2.11699e-02 4.08994e+00 3.17733e-01
2.2 5.00000e-04 1.00000e-03 7.50000e-04 2.23147e+01 1.68126e+00
2.2 1.00000e-03 1.50000e-03 1.25000e-03 2.27138e+01 6.40787e-01
2.2 1.50000e-03 2.00000e-03 1.75000e-03 2.08518e+01 5.57215e-01
2.2 2.00000e-03 2.50000e-03 2.25000e-03 2.13178e+01 5.48551e-01
2.2 2.50000e-03 3.00000e-03 2.75000e-03 2.12816e+01 5.56228e-01
2.2 3.00000e-03 3.50000e-03 3.25000e-03 2.05844e+01 5.40883e-01
2.2 3.50000e-03 4.00000e-03 3.75000e-03 1.65726e+01 5.15066e-01
2.2 4.00000e-03 4.50000e-03 4.25000e-03 1.47248e+01 5.17916e-01
2.2 4.50000e-03 5.00000e-03 4.75000e-03 1.46613e+01 4.55609e-01
2.2 5.00000e-03 5.50000e-03 5.25000e-03 1.65287e+01 5.23606e-01
2.2 5.50000e-03 6.00000e-03 5.75000e-03 1.66404e+01 4.69305e-01
2.2 6.00000e-03 6.50000e-03 6.25000e-03 1.34418e+01 4.66518e-01
2.2 6.50000e-03 7.00000e-03 6.75000e-03 1.28901e+01 4.43024e-01
2.2 7.00000e-03 7.50000e-03 7.25000e-03 1.26631e+01 5.16243e-01
2.2 7.50000e-03 8.00000e-03 7.75000e-03 1.40772e+01 4.40047e-01
2.2 8.00000e-03 8.50000e-03 8.25000e-03 1.41178e+01 4.72527e-01
2.2 8.50000e-03 9.00000e-03 8.75000e-03 1.20370e+01 4.89309e-01
2.2 9.00000e-03 9.50000e-03 9.25000e-03 1.20112e+01 4.24351e-01
2.2 9.50000e-03 1.00000e-02 9.75000e-03 1.10697e+01 3.68914e-01
2.2 1.00000e-02 1.12202e-02 1.06101e-02 1.08511e+01 2.61531e-01
2.2 1.12202e-02 1.25892e-02 1.19047e-02 9.59405e+00 2.56811e-01
2.2 1.25892e-02 1.41254e-02 1.33573e-02 8.60405e+00 2.57815e-01
2.2 1.41254e-02 1.58489e-02 1.49871e-02 7.79098e+00 2.30624e-01
2.2 1.58489e-02 1.77828e-02 1.68159e-02 7.30675e+00 2.53283e-01
2.2 1.77828e-02 1.99526e-02 1.88677e-02 6.16610e+00 2.48020e-01
2.2 1.99526e-02 2.23872e-02 2.11699e-02 5.35925e+00 2.53645e-01
2.2 2.23872e-02 2.51189e-02 2.37530e-02 4.79686e+00 2.80854e-01
2.4 5.00000e-04 1.00000e-03 7.50000e-04 2.68821e+01 1.97398e+00
2.4 1.00000e-03 1.50000e-03 1.25000e-03 2.68203e+01 8.59244e-01
2.4 1.50000e-03 2.00000e-03 1.75000e-03 2.39500e+01 5.58983e-01
2.4 2.00000e-03 2.50000e-03 2.25000e-03 2.63939e+01 6.38529e-01
2.4 2.50000e-03 3.00000e-03 2.75000e-03 2.52579e+01 6.40692e-01
2.4 3.00000e-03 3.50000e-03 3.25000e-03 2.35748e+01 5.13153e-01
2.4 3.50000e-03 4.00000e-03 3.75000e-03 1.90868e+01 5.50283e-01
2.4 4.00000e-03 4.50000e-03 4.25000e-03 1.77881e+01 5.82664e-01
2.4 4.50000e-03 5.00000e-03 4.75000e-03 1.86976e+01 5.47025e-01
2.4 5.00000e-03 5.50000e-03 5.25000e-03 1.86460e+01 6.64225e-01
2.4 5.50000e-03 6.00000e-03 5.75000e-03 1.93677e+01 5.79339e-01
2.4 6.00000e-03 6.50000e-03 6.25000e-03 1.66962e+01 5.24350e-01
2.4 6.50000e-03 7.00000e-03 6.75000e-03 1.50352e+01 4.82220e-01
2.4 7.00000e-03 7.50000e-03 7.25000e-03 1.52292e+01 5.31389e-01
2.4 7.50000e-03 8.00000e-03 7.75000e-03 1.57096e+01 4.65771e-01
2.4 8.00000e-03 8.50000e-03 8.25000e-03 1.58086e+01 5.04675e-01
2.4 8.50000e-03 9.00000e-03 8.75000e-03 1.53611e+01 5.26971e-01
2.4 9.00000e-03 9.50000e-03 9.25000e-03 1.33568e+01 4.03209e-01
2.4 9.50000e-03 1.00000e-02 9.75000e-03 1.19959e+01 4.24993e-01
2.4 1.00000e-02 1.12202e-02 1.06101e-02 1.28583e+01 3.18345e-01
2.4 1.12202e-02 1.25892e-02 1.19047e-02 1.12563e+01 2.73723e-01
2.4 1.25892e-02 1.41254e-02 1.33573e-02 1.04741e+01 2.92966e-01
2.4 1.41254e-02 1.58489e-02 1.49871e-02 9.06862e+00 2.51167e-01
2.4 1.58489e-02 1.77828e-02 1.68159e-02 8.65008e+00 2.45498e-01
2.4 1.77828e-02 1.99526e-02 1.88677e-02 7.74421e+00 2.52740e-01
2.4 1.99526e-02 2.23872e-02 2.11699e-02 6.73870e+00 2.79032e-01
2.4 2.23872e-02 2.51189e-02 2.37530e-02 6.05108e+00 2.83530e-01
2.6 5.00000e-04 1.00000e-03 7.50000e-04 3.42535e+01 2.46046e+00
2.6 1.00000e-03 1.50000e-03 1.25000e-03 3.22960e+01 1.16921e+00
2.6 1.50000e-03 2.00000e-03 1.75000e-03 2.94491e+01 8.28705e-01
2.6 2.00000e-03 2.50000e-03 2.25000e-03 3.17236e+01 9.58700e-01
2.6 2.50000e-03 3.00000e-03 2.75000e-03 2.97704e+01 7.93008e-01
2.6 3.00000e-03 3.50000e-03 3.25000e-03 2.88765e+01 7.35390e-01
2.6 3.50000e-03 4.00000e-03 3.75000e-03 2.38984e+01 7.90181e-01
2.6 4.00000e-03 4.50000e-03 4.25000e-03 2.16639e+01 7.52800e-01
2.6 4.50000e-03 5.00000e-03 4.75000e-03 2.22642e+01 7.75811e-01
2.6 5.00000e-03 5.50000e-03 5.25000e-03 2.16463e+01 7.92551e-01
2.6 5.50000e-03 6.00000e-03 5.75000e-03 2.21279e+01 7.82055e-01
2.6 6.00000e-03 6.50000e-03 6.25000e-03 2.06494e+01 7.25592e-01
2.6 6.50000e-03 7.00000e-03 6.75000e-03 1.83603e+01 5.91829e-01
2.6 7.00000e-03 7.50000e-03 7.25000e-03 1.72517e+01 6.84432e-01
2.6 7.50000e-03 8.00000e-03 7.75000e-03 2.05592e+01 6.39443e-01
2.6 8.00000e-03 8.50000e-03 8.25000e-03 1.83434e+01 7.55093e-01
2.6 8.50000e-03 9.00000e-03 8.75000e-03 1.64073e+01 7.62083e-01
2.6 9.00000e-03 9.50000e-03 9.25000e-03 1.76041e+01 5.96280e-01
2.6 9.50000e-03 1.00000e-02 9.75000e-03 1.59681e+01 7.06380e-01
2.6 1.00000e-02 1.12202e-02 1.06101e-02 1.54633e+01 4.13389e-01
2.6 1.12202e-02 1.25892e-02 1.19047e-02 1.38870e+01 3.83420e-01
2.6 1.25892e-02 1.41254e-02 1.33573e-02 1.21959e+01 2.87431e-01
2.6 1.41254e-02 1.58489e-02 1.49871e-02 1.17438e+01 2.94191e-01
2.6 1.58489e-02 1.77828e-02 1.68159e-02 1.02866e+01 2.74675e-01
2.6 1.77828e-02 1.99526e-02 1.88677e-02 9.15761e+00 3.24495e-01
2.6 1.99526e-02 2.23872e-02 2.11699e-02 8.20779e+00 3.06330e-01
2.6 2.23872e-02 2.51189e-02 2.37530e-02 7.18536e+00 3.17516e-01
2.6 2.51189e-02 2.81838e-02 2.66514e-02 6.40674e+00 3.43525e-01
2.8 5.00000e-04 1.00000e-03 7.50000e-04 3.97607e+01 3.06147e+00
2.8 1.00000e-03 1.50000e-03 1.25000e-03 3.90893e+01 1.41750e+00
2.8 1.50000e-03 2.00000e-03 1.75000e-03 3.53170e+01 1.06927e+00
2.8 2.00000e-03 2.50000e-03 2.25000e-03 3.84924e+01 1.23154e+00
2.8 2.50000e-03 3.00000e-03 2.75000e-03 3.51063e+01 8.95226e-01
2.8 3.00000e-03 3.50000e-03 3.25000e-03 3.42939e+01 9.40293e-01
2.8 3.50000e-03 4.00000e-03 3.75000e-03 2.86274e+01 7.98435e-01
2.8 4.00000e-03 4.50000e-03 4.25000e-03 2.47191e+01 7.90287e-01
2.8 4.50000e-03 5.00000e-03 4.75000e-03 2.78066e+01 9.36266e-01
2.8 5.00000e-03 5.50000e-03 5.25000e-03 2.86133e+01 8.82081e-01
2.8 5.50000e-03 6.00000e-03 5.75000e-03 2.67285e+01 8.54389e-01
2.8 6.00000e-03 6.50000e-03 6.25000e-03 2.34338e+01 7.65298e-01
2.8 6.50000e-03 7.00000e-03 6.75000e-03 2.20905e+01 7.97835e-01
2.8 7.00000e-03 7.50000e-03 7.25000e-03 2.17529e+01 6.71384e-01
2.8 7.50000e-03 8.00000e-03 7.75000e-03 2.23868e+01 6.71926e-01
2.8 8.00000e-03 8.50000e-03 8.25000e-03 2.28635e+01 8.62689e-01
2.8 8.50000e-03 9.00000e-03 8.75000e-03 2.03344e+01 8.03270e-01
2.8 9.00000e-03 9.50000e-03 9.25000e-03 1.93446e+01 8.16126e-01
2.8 9.50000e-03 1.00000e-02 9.75000e-03 1.86331e+01 8.85051e-01
2.8 1.00000e-02 1.12202e-02 1.06101e-02 1.78852e+01 4.44404e-01
2.8 1.12202e-02 1.25892e-02 1.19047e-02 1.62641e+01 4.07177e-01
2.8 1.25892e-02 1.41254e-02 1.33573e-02 1.46958e+01 3.33004e-01
2.8 1.41254e-02 1.58489e-02 1.49871e-02 1.29837e+01 3.17862e-01
2.8 1.58489e-02 1.77828e-02 1.68159e-02 1.23550e+01 3.13555e-01
2.8 1.77828e-02 1.99526e-02 1.88677e-02 1.12079e+01 3.34956e-01
2.8 1.99526e-02 2.23872e-02 2.11699e-02 9.72035e+00 3.34985e-01
2.8 2.23872e-02 2.51189e-02 2.37530e-02 8.90057e+00 3.39913e-01
2.8 2.51189e-02 2.81838e-02 2.66514e-02 7.43686e+00 3.67621e-01
3.0 5.00000e-04 1.00000e-03 7.50000e-04 5.63429e+01 3.91834e+00
3.0 1.00000e-03 1.50000e-03 1.25000e-03 4.64993e+01 1.88560e+00
3.0 1.50000e-03 2.00000e-03 1.75000e-03 4.36906e+01 1.86054e+00
3.0 2.00000e-03 2.50000e-03 2.25000e-03 4.87884e+01 1.48555e+00
3.0 2.50000e-03 3.00000e-03 2.75000e-03 4.24320e+01 1.31176e+00
3.0 3.00000e-03 3.50000e-03 3.25000e-03 3.93236e+01 1.41115e+00
3.0 3.50000e-03 4.00000e-03 3.75000e-03 3.40369e+01 1.07144e+00
3.0 4.00000e-03 4.50000e-03 4.25000e-03 3.24746e+01 1.10917e+00
3.0 4.50000e-03 5.00000e-03 4.75000e-03 3.23444e+01 1.21850e+00
3.0 5.00000e-03 5.50000e-03 5.25000e-03 3.44965e+01 1.09671e+00
3.0 5.50000e-03 6.00000e-03 5.75000e-03 3.28221e+01 1.30486e+00
3.0 6.00000e-03 6.50000e-03 6.25000e-03 2.91567e+01 1.01030e+00
3.0 6.50000e-03 7.00000e-03 6.75000e-03 2.63368e+01 9.47808e-01
3.0 7.00000e-03 7.50000e-03 7.25000e-03 2.58435e+01 1.04937e+00
3.0 7.50000e-03 8.00000e-03 7.75000e-03 2.66924e+01 8.75030e-01
3.0 8.00000e-03 8.50000e-03 8.25000e-03 2.52634e+01 1.06024e+00
3.0 8.50000e-03 9.00000e-03 8.75000e-03 2.55785e+01 1.30898e+00
3.0 9.00000e-03 9.50000e-03 9.25000e-03 2.36323e+01 1.02321e+00
3.0 9.50000e-03 1.00000e-02 9.75000e-03 2.01973e+01 7.17887e-01
3.0 1.00000e-02 1.12202e-02 1.06101e-02 2.16269e+01 5.42875e-01
3.0 1.12202e-02 1.25892e-02 1.19047e-02 1.94857e+01 5.53749e-01
3.0 1.25892e-02 1.41254e-02 1.33573e-02 1.82983e+01 4.09439e-01
3.0 1.41254e-02 1.58489e-02 1.49871e-02 1.63545e+01 3.91895e-01
3.0 1.58489e-02 1.77828e-02 1.68159e-02 1.50132e+01 3.86518e-01
3.0 1.77828e-02 1.99526e-02 1.88677e-02 1.28328e+01 3.62709e-01
3.0 1.99526e-02 2.23872e-02 2.11699e-02 1.19867e+01 3.89453e-01
3.0 2.23872e-02 2.51189e-02 2.37530e-02 1.03719e+01 3.95754e-01
3.0 2.51189e-02 2.81838e-02 2.66514e-02 9.67076e+00 3.96709e-01
3.0 2.81838e-02 3.16228e-02 2.99033e-02 8.37811e+00 4.33375e-01
3.2 5.00000e-04 1.00000e-03 7.50000e-04 5.68969e+01 4.43533e+00
3.2 1.00000e-03 1.50000e-03 1.25000e-03 5.83857e+01 2.22362e+00
3.2 1.50000e-03 2.00000e-03 1.75000e-03 5.33413e+01 1.91796e+00
3.2 2.00000e-03 2.50000e-03 2.25000e-03 5.40433e+01 2.30770e+00
3.2 2.50000e-03 3.00000e-03 2.75000e-03 5.00397e+01 2.28257e+00
3.2 3.00000e-03 3.50000e-03 3.25000e-03 4.91928e+01 1.95389e+00
3.2 3.50000e-03 4.00000e-03 3.75000e-03 4.08008e+01 2.06528e+00
3.2 4.00000e-03 4.50000e-03 4.25000e-03 4.01374e+01 1.74349e+00
3.2 4.50000e-03 5.00000e-03 4.75000e-03 3.92957e+01 1.85501e+00
3.2 5.00000e-03 5.50000e-03 5.25000e-03 3.92936e+01 1.85823e+00
3.2 5.50000e-03 6.00000e-03 5.75000e-03 3.74360e+01 1.82819e+00
3.2 6.00000e-03 6.50000e-03 6.25000e-03 3.44189e+01 1.61205e+00
3.2 6.50000e-03 7.00000e-03 6.75000e-03 3.38074e+01 1.75019e+00
3.2 7.00000e-03 7.50000e-03 7.25000e-03 3.17209e+01 1.29191e+00
3.2 7.50000e-03 8.00000e-03 7.75000e-03 3.44270e+01 1.43533e+00
3.2 8.00000e-03 8.50000e-03 8.25000e-03 3.32557e+01 1.26122e+00
3.2 8.50000e-03 9.00000e-03 8.75000e-03 2.96898e+01 1.42843e+00
3.2 9.00000e-03 9.50000e-03 9.25000e-03 2.78089e+01 1.51000e+00
3.2 9.50000e-03 1.00000e-02 9.75000e-03 2.65919e+01 1.35450e+00
3.2 1.00000e-02 1.12202e-02 1.06101e-02 2.63884e+01 6.71993e-01
3.2 1.12202e-02 1.25892e-02 1.19047e-02 2.38178e+01 6.98391e-01
3.2 1.25892e-02 1.41254e-02 1.33573e-02 2.11243e+01 4.88728e-01
3.2 1.41254e-02 1.58489e-02 1.49871e-02 1.84191e+01 5.17319e-01
3.2 1.58489e-02 1.77828e-02 1.68159e-02 1.83186e+01 5.05868e-01
3.2 1.77828e-02 1.99526e-02 1.88677e-02 1.65633e+01 4.28104e-01
3.2 1.99526e-02 2.23872e-02 2.11699e-02 1.45401e+01 4.36541e-01
3.2 2.23872e-02 2.51189e-02 2.37530e-02 1.29743e+01 4.44958e-01
3.2 2.51189e-02 2.81838e-02 2.66514e-02 1.06315e+01 4.57066e-01
3.2 2.81838e-02 3.16228e-02 2.99033e-02 9.72288e+00 4.98777e-01
3.4 5.00000e-04 1.00000e-03 7.50000e-04 7.56743e+01 5.85460e+00
3.4 1.00000e-03 1.50000e-03 1.25000e-03 6.18575e+01 3.38609e+00
3.4 1.50000e-03 2.00000e-03 1.75000e-03 6.53852e+01 3.24514e+00
3.4 2.00000e-03 2.50000e-03 2.25000e-03 7.18983e+01 3.76199e+00
3.4 2.50000e-03 3.00000e-03 2.75000e-03 6.46258e+01 3.29759e+00
3.4 3.00000e-03 3.50000e-03 3.25000e-03 4.73750e+01 2.55188e+00
3.4 3.50000e-03 4.00000e-03 3.75000e-03 5.16866e+01 2.83461e+00
3.4 4.00000e-03 4.50000e-03 4.25000e-03 4.50066e+01 2.28866e+00
3.4 4.50000e-03 5.00000e-03 4.75000e-03 4.89204e+01 3.20573e+00
3.4 5.00000e-03 5.50000e-03 5.25000e-03 4.44043e+01 2.86014e+00
3.4 5.50000e-03 6.00000e-03 5.75000e-03 4.53706e+01 2.66475e+00
3.4 6.00000e-03 6.50000e-03 6.25000e-03 4.27768e+01 1.92316e+00
3.4 6.50000e-03 7.00000e-03 6.75000e-03 3.65216e+01 2.65162e+00
3.4 7.00000e-03 7.50000e-03 7.25000e-03 3.44782e+01 1.97342e+00
3.4 7.50000e-03 8.00000e-03 7.75000e-03 3.81927e+01 2.06271e+00
3.4 8.00000e-03 8.50000e-03 8.25000e-03 3.71721e+01 1.91633e+00
3.4 8.50000e-03 9.00000e-03 8.75000e-03 3.28930e+01 1.79817e+00
3.4 9.00000e-03 9.50000e-03 9.25000e-03 3.26356e+01 1.81240e+00
3.4 9.50000e-03 1.00000e-02 9.75000e-03 2.93997e+01 1.78576e+00
3.4 1.00000e-02 1.12202e-02 1.06101e-02 3.12543e+01 9.65332e-01
3.4 1.12202e-02 1.25892e-02 1.19047e-02 2.71080e+01 1.00535e+00
3.4 1.25892e-02 1.41254e-02 1.33573e-02 2.62695e+01 7.47056e-01
3.4 1.41254e-02 1.58489e-02 1.49871e-02 2.47100e+01 6.96232e-01
3.4 1.58489e-02 1.77828e-02 1.68159e-02 2.09129e+01 6.58142e-01
3.4 1.77828e-02 1.99526e-02 1.88677e-02 1.94785e+01 6.01348e-01
3.4 1.99526e-02 2.23872e-02 2.11699e-02 1.72692e+01 5.99222e-01
3.4 2.23872e-02 2.51189e-02 2.37530e-02 1.54734e+01 5.98628e-01
3.4 2.51189e-02 2.81838e-02 2.66514e-02 1.40462e+01 5.69722e-01
3.4 2.81838e-02 3.16228e-02 2.99033e-02 1.22520e+01 6.12105e-01
3.6 5.00000e-04 1.00000e-03 7.50000e-04 8.06956e+01 8.48419e+00
3.6 1.00000e-03 1.50000e-03 1.25000e-03 1.00516e+02 5.64705e+00
3.6 1.50000e-03 2.00000e-03 1.75000e-03 7.34267e+01 5.07973e+00
3.6 2.00000e-03 2.50000e-03 2.25000e-03 7.69685e+01 4.12442e+00
3.6 2.50000e-03 3.00000e-03 2.75000e-03 7.06625e+01 4.30218e+00
3.6 3.00000e-03 3.50000e-03 3.25000e-03 8.00701e+01 4.19087e+00
3.6 3.50000e-03 4.00000e-03 3.75000e-03 6.03327e+01 4.49543e+00
3.6 4.00000e-03 4.50000e-03 4.25000e-03 4.99602e+01 4.72110e+00
3.6 4.50000e-03 5.00000e-03 4.75000e-03 5.29954e+01 3.48083e+00
3.6 5.00000e-03 5.50000e-03 5.25000e-03 6.20584e+01 4.34347e+00
3.6 5.50000e-03 6.00000e-03 5.75000e-03 5.21977e+01 4.30492e+00
3.6 6.00000e-03 6.50000e-03 6.25000e-03 5.13373e+01 3.74981e+00
3.6 6.50000e-03 7.00000e-03 6.75000e-03 4.63485e+01 4.67243e+00
3.6 7.00000e-03 7.50000e-03 7.25000e-03 4.26993e+01 3.60610e+00
3.6 7.50000e-03 8.00000e-03 7.75000e-03 4.59407e+01 3.24094e+00
3.6 8.00000e-03 8.50000e-03 8.25000e-03 4.70226e+01 3.32645e+00
3.6 8.50000e-03 9.00000e-03 8.75000e-03 4.78434e+01 2.89712e+00
3.6 9.00000e-03 9.50000e-03 9.25000e-03 3.71605e+01 3.02986e+00
3.6 9.50000e-03 1.00000e-02 9.75000e-03 4.07297e+01 2.98524e+00
3.6 1.00000e-02 1.12202e-02 1.06101e-02 3.49876e+01 1.80774e+00
3.6 1.12202e-02 1.25892e-02 1.19047e-02 3.47321e+01 1.43377e+00
3.6 1.25892e-02 1.41254e-02 1.33573e-02 2.97990e+01 1.20544e+00
3.6 1.41254e-02 1.58489e-02 1.49871e-02 2.68959e+01 1.11092e+00
3.6 1.58489e-02 1.77828e-02 1.68159e-02 2.61746e+01 1.11617e+00
3.6 1.77828e-02 1.99526e-02 1.88677e-02 2.22897e+01 8.82353e-01
3.6 1.99526e-02 2.23872e-02 2.11699e-02 2.20323e+01 8.58352e-01
3.6 2.23872e-02 2.51189e-02 2.37530e-02 1.98325e+01 8.60336e-01
3.6 2.51189e-02 2.81838e-02 2.66514e-02 1.80181e+01 7.94171e-01
3.6 2.81838e-02 3.16228e-02 2.99033e-02 1.40590e+01 7.62592e-01
3.6 3.16228e-02 3.54813e-02 3.35521e-02 1.34659e+01 7.99364e-01
3.8 5.00000e-04 1.00000e-03 7.50000e-04 1.12077e+02 1.04384e+01
3.8 1.00000e-03 1.50000e-03 1.25000e-03 1.03320e+02 7.17378e+00
3.8 1.50000e-03 2.00000e-03 1.75000e-03 1.08168e+02 7.18715e+00
3.8 2.00000e-03 2.50000e-03 2.25000e-03 9.12233e+01 6.60601e+00
3.8 2.50000e-03 3.00000e-03 2.75000e-03 8.07298e+01 6.58627e+00
3.8 3.00000e-03 3.50000e-03 3.25000e-03 8.09864e+01 6.20152e+00
3.8 3.50000e-03 4.00000e-03 3.75000e-03 7.53842e+01 6.05187e+00
3.8 4.00000e-03 4.50000e-03 4.25000e-03 8.51523e+01 6.87364e+00
3.8 4.50000e-03 5.00000e-03 4.75000e-03 6.93118e+01 5.61209e+00
3.8 5.00000e-03 5.50000e-03 5.25000e-03 6.14684e+01 5.37274e+00
3.8 5.50000e-03 6.00000e-03 5.75000e-03 7.30620e+01 5.98237e+00
3.8 6.00000e-03 6.50000e-03 6.25000e-03 6.32962e+01 5.87909e+00
3.8 6.50000e-03 7.00000e-03 6.75000e-03 4.68711e+01 4.88964e+00
3.8 7.00000e-03 7.50000e-03 7.25000e-03 6.48790e+01 5.14289e+00
3.8 7.50000e-03 8.00000e-03 7.75000e-03 5.48721e+01 5.16352e+00
3.8 8.00000e-03 8.50000e-03 8.25000e-03 6.15708e+01 5.31775e+00
3.8 8.50000e-03 9.00000e-03 8.75000e-03 5.32310e+01 4.48571e+00
3.8 9.00000e-03 9.50000e-03 9.25000e-03 4.44301e+01 4.56347e+00
3.8 9.50000e-03 1.00000e-02 9.75000e-03 4.32109e+01 4.53031e+00
3.8 1.00000e-02 1.12202e-02 1.06101e-02 4.67233e+01 2.84514e+00
3.8 1.12202e-02 1.25892e-02 1.19047e-02 4.09357e+01 2.50825e+00
3.8 1.25892e-02 1.41254e-02 1.33573e-02 3.60518e+01 1.83867e+00
3.8 1.41254e-02 1.58489e-02 1.49871e-02 3.60838e+01 1.66854e+00
3.8 1.58489e-02 1.77828e-02 1.68159e-02 3.48387e+01 1.85444e+00
3.8 1.77828e-02 1.99526e-02 1.88677e-02 2.97793e+01 1.64105e+00
3.8 1.99526e-02 2.23872e-02 2.11699e-02 2.50956e+01 1.14635e+00
3.8 2.23872e-02 2.51189e-02 2.37530e-02 2.35387e+01 1.06360e+00
3.8 2.51189e-02 2.81838e-02 2.66514e-02 2.28418e+01 1.03721e+00
3.8 2.81838e-02 3.16228e-02 2.99033e-02 2.07760e+01 1.05224e+00
3.8 3.16228e-02 3.54813e-02 3.35521e-02 1.60750e+01 9.59008e-01
