# QSO distrubtion from CDR, 11 Nov 2013 revision, Tables 2.3 and 2.4
# Total number per sq deg per dz=0.1 redshift bin
# This over-represents the high-z QSOs at 60 per sq deg at z>2.1
#
# z_lo z_hi  N_qso
 0.0  0.1  0.0
 0.1  0.2  0.8 
 0.2  0.3  2.3 
 0.3  0.4  3.1 
 0.4  0.5  3.1 
 0.5  0.6  3.2 
 0.6  0.7  3.4 
 0.7  0.8  3.7 
 0.8  0.9  4.4 
 0.9  1.0  5.0 
 1.0  1.1  5.6 
 1.1  1.2  6.2
 1.2  1.3  6.9
 1.3  1.4  7.5
 1.4  1.5  8.1
 1.5  1.6  8.3
 1.6  1.7  8.0
 1.7  1.8  7.7
 1.8  1.9  7.4
 1.9  2.0  7.14
 2.0  2.1  6.76
 2.1  2.2  6.43
 2.2  2.3  6.19
 2.3  2.4  5.88
 2.4  2.5  5.50
 2.5  2.6  5.06
 2.6  2.7  4.70
 2.7  2.8  4.45
 2.8  2.9  4.02
 2.9  3.0  3.57
 3.0  3.1  3.26
 3.1  3.2  2.91
 3.2  3.3  2.54
 3.3  3.4  2.13
 3.4  3.5  1.76
 3.5  3.6  1.57
 3.6  3.7  1.39
 3.7  3.8  1.20
